t1.png
2 1 0 0
1 2 4 2
0 0 3 4 0 0 4 3

t2.png
2 1 0 0
1 2 2 3
0 0 3 4 4 3 0 0

t3.png
2 1 0 0
1 3 2 2
0 0 0 0 3 4 4 3

t4.png
1 0 0
1 2 1 3
3 2 0 0 2 3 0 0

t5.png
1 0 0
2 2 1 1
0 0 0 0 2 3 3 2

t6.png
2 0
1 2 2 2
0 0 0 0 0 0 0 0

t7.png
1 1 1 0 0 0
4 1 2 3
0 0 4 5 5 6 6 4

t8.png
1 1 1 1 0 0 0 0
1 2 3 4
8 5 5 6 6 7 7 8

t9.png
1 1 0 0 0 0
1 2 1 2
6 3 3 4 4 5 5 6

t10.png
2 0 0
2 1 3 1
0 0 0 0 0 0 0 0

t11.png
2 2 0
1 3 2 3
0 0 0 0 0 0 0 0

t12.png
2 2 0
1 2 3 3
0 0 0 0 0 0 0 0

t13.png
2 1 0 0 0
3 1 2 1
0 0 0 0 4 5 0 0

t14.png
2 0
1 2 2 1
0 0 0 0 0 0 0 0

t15.png
2 1 0 0
1 2 2 1
0 0 4 3 3 4 0 0

t16.png
2 0
1 1 2 1
0 0 0 0 0 0 0 0

t17.png
2 1 0 0
1 1 2 1
0 0 0 0 3 4 0 0
